
ans =

     8.997600000000000e+15
     3.160000000000000e+16
     2.087488735159629e+11
     2.000000000000000e+13
     1.286617346825459e+12
     5.700000000000000e+13
     8.000000000000000e+13
     1.500000000000000e+13
     1.500000000000000e+13
     5.060000000000000e+13
     4.257158989210399e+11
     5.420561585714318e+09
     3.000000000000000e+13
     3.000000000000000e+13
     6.567771943497793e+12
     1.000000000000000e+13
     1.000000000000000e+13
     2.578366441358686e+12
     3.320643451807686e+11
     5.000000000000000e+13
     5.189192100490465e+12
     1.276152657140475e+09
     2.667629124252135e+12
     3.000000000000000e+13
     3.458042164146088e+12
     2.240000000000000e+13
     2.949576865265720e+12
     1.000000000000000e+14
     1.785032923412560e+11
     8.871628555279384e+11
     8.943885633179914e+01
     1.812304436383448e+05
     3.663963312710268e+17
     3.963358293363555e+15
     5.909332002412439e+16
     4.954197866704443e+15
     2.786750193874480e+15
     4.863330690133169e+10
     5.263000000000000e+16
     1.426403873215003e+15
     1.066967646023354e+16
     5.500000000000000e+14
     1.270720000000000e+18
     2.832352708233050e+12
     2.617416198374992e+13
     6.102442635416652e+13
     8.838028959554307e+11
     1.633957679391265e+12
     1.650000000000000e+14
     5.920173358451246e+14
     3.000000000000000e+13
     2.650563134890445e+14
     2.044205621077965e+11
     3.404265336252153e+13
     7.340000000000000e+13
     2.010551414232696e+12
     3.266200852948983e+12
     7.238751000633492e+12
     3.183151710889629e+13
     2.000000000000000e+13
     1.696486871022525e+13
     1.295871291840387e+13
     8.276548219624080e+13
     1.223401518458907e+12
     2.000000000000000e+13
     5.013385762997967e+13
     3.122187457054027e+13
     2.925085495494215e+12
     7.226681812397472e+11
     9.932801305014158e+13
     1.668383550630862e+12
     3.405446083257114e+13
     3.000000000000000e+13
     4.952846644222050e+12
     1.089518505794540e+11
     2.517045724130016e+14
     2.000000000000000e+12
     1.303346394918435e+12
     1.000000000000000e+14
     8.925164617062798e+11
     2.013301667998701e+12
     1.000000000000000e+13
     5.450182787796081e-06
     1.302707977174765e+12
     5.686137567246670e+12
     1.636049813790599e+12
     1.864833716999173e+13
     1.613286921951698e+12
     6.354236531139705e+11
     5.000000000000000e+13
     3.000000000000000e+13
     2.000000000000000e+13
     2.497156609276210e+12
     3.000000000000000e+13
     7.277826617157575e+13
     2.310353038728659e+11
     3.014454312173560e+13
     1.312629105950572e+12
     2.219774495788018e+11
     5.000000000000000e+13
     1.489304106163048e+13
     5.000000000000000e+12
     5.000000000000000e+12
     2.197554415798704e+12
     2.961585108678205e+12
     2.000000000000000e+13
     1.140251664194974e+10
     4.488317291191702e+09
     2.937722737361191e+10
     1.321403865981007e+09
     5.000000000000000e+12
     1.023156217868794e+12
     5.234434739781421e+12
     2.741402604653850e+12
     2.952367614757078e+11
     1.001656091428045e+12
     2.000000000000000e+13
     1.000000000000000e+12
     3.780000000000000e+13
     1.043392329453117e+09
     1.335541455237393e+10
     4.340567578634893e+13
     5.000000000000000e+13
     5.000000000000000e+13
     6.710000000000000e+13
     2.258141892097600e+13
     8.349048717714466e+12
     4.000000000000000e+13
     3.000000000000000e+13
     6.000000000000000e+13
     4.887701142107709e+13
     6.722073555601955e+10
     1.225861513277949e+14
     5.000000000000000e+13
     2.350464371966830e+12
     1.314907750765701e+10
     3.924892851403621e+12
     4.000000000000000e+13
     3.833314024982535e+10
     2.609531192421915e+12
     3.000000000000000e+13
     1.109084731121825e+13
     6.654508386730951e+12
     2.800000000000000e+13
     1.200000000000000e+13
     7.000000000000000e+13
     8.944258289014428e+13
     3.000000000000000e+13
     1.598642859188978e+13
     2.131523812251971e+13
     9.000000000000000e+12
     7.000000000000000e+12
     1.400000000000000e+13
     5.275447591926490e+13
     7.766442603047770e+06
     8.392399070798905e+07
     4.646297550804323e+10
     1.402695024280773e+13
     6.583962633377557e+10
     2.648000000000000e+13
     4.682404707216049e+10
     6.379574249357007e+09
     2.126524749785669e+09
     2.215231011252363e+09
     5.301286309126964e+09
     2.889611781395907e+11
     2.071370045297299e+12
     1.099776906246509e+13
     1.144412798450716e+13
     1.595529615236408e+11
     1.462180160720572e+13
     1.044214460068660e+13
     1.857988807690068e+12
     1.817530300891244e-05
     1.195144532604388e+11
     2.082155754032306e+12
     1.000000000000000e+13
     2.258294441898045e+13
     3.417472841179435e+11
     2.768214583358459e+13
     6.076660943858349e+09
     2.529876250211817e+08
     2.894650066602263e+10
     4.994461825647629e+07
     4.521973854191813e-02
     2.686480431303043e+12
     3.944781415958164e+17
     4.400633698448876e+12
     1.101280657729394e+14
     4.000000000000000e+13
     2.710381256604018e+13
     2.000000000000000e+13
     7.962143411069943e+12
     1.750505533093022e+10
     3.849067679665376e+10
     1.500000000000000e+13
     1.880150145248449e+10
     4.410153960486183e+12
     1.630395111351015e+13
     3.000000000000000e+12
     3.900000000000000e+13
     6.373435339168398e+12
     3.587342569689126e+12
     3.300000000000000e+08
     3.135524576847123e+14
     5.000000000000000e+12
     2.500000000000000e+13
     7.000000000000000e+13
     5.000000000000000e+13
     2.000000000000000e+13
     2.500000000000000e+13
     2.139303337087372e+17
     2.500000000000000e+13
     9.332614426274469e+13
     1.050897508523292e+13
     1.441866743234450e+10
     7.700000000000000e+13
     4.000000000000000e+13
     1.873915904177583e+11
     7.661747379095871e+12
     2.139355512938544e+12
     2.350000000000000e+13
     5.400000000000000e+13
     2.500000000000000e+12
     2.000000000000000e+13
     8.514233814932376e+07
     3.018308441760129e+04
     3.606042802079065e+12
     2.540669767056809e+12
     1.778492420345805e-07
     1.377671951460181e+11
     3.440786597981831e+10
     3.302938402824643e+08
     1.619781551415751e+09
     1.058692072422853e+09
     8.264602917236407e+07
     3.299492600535114e+13
     4.906067983255803e+13
     5.519954419979069e+03
     5.430745137905208e+07
     8.575380365062150e+12
     6.725547342192039e-04
     6.231973881963694e-04
     1.900000000000000e+13
     2.900000000000000e+13
     4.100000000000000e+13
     1.620000000000000e+13
     2.460000000000000e+13
     1.185251552796865e+13
     1.683853832872336e+12
     2.360630142961182e+12
     1.185251552796865e+13
     1.683853832872336e+12
     2.360630142961182e+12
     4.877504329987950e+07
     1.764668728823412e+07
     2.200000000000000e+13
     2.000000000000000e+12
     1.200000000000000e+13
     1.200000000000000e+13
     1.000000000000000e+14
     2.309937321738587e+10
     1.862711209046794e+03
     1.517115200044686e+10
     4.185183242187603e+11
     4.116718372489146e+09
     1.705119196175857e+11
     1.705119196175857e+10
     2.277889584663522e-01
     4.259594566931787e+12
     3.221439765357216e+11
     2.232832383408691e+11
     7.310406945743600e+12
     9.000000000000000e+12
     6.193726312106142e+13
     1.091115446535947e+13
     5.828110898397644e+10
     1.951013493847095e+12
     2.406202562159936e+11
     7.309546384106532e+09
     2.871990214682865e+13
     4.634010749612507e+12
     1.017587012921303e+10
     3.370000000000000e+13
     1.853510599982304e+12
     1.096000000000000e+14
     8.158280844955851e+11
     6.118360960053235e+11
     4.579194779432184e+13
     2.726538671481522e+12
     1.128222898544078e+12
     7.933184402301887e+11
     6.139361712486946e+11
     2.233770967453458e+12
     1.096610470378035e+11
     1.175587337613152e+12
     1.175587337613152e+12
     8.366816364261867e+04
     1.845674062921900e+12
     1.845674062921900e+12
     6.353484968098861e+12
     7.462146081677935e+09
     2.823495596572817e+10
     2.153730745877345e+13
     1.500000000000000e+14
     1.810000000000000e+10
     2.350000000000000e+10
     2.200000000000000e+13
     1.100000000000000e+13
     1.200000000000000e+13
     3.010000000000000e+13
     9.394082153199473e+12
     3.261722302434322e+12
     1.836915475767796e+12
     4.960972047899321e+12
     2.568475740319430e+10
     2.198985634053918e+09
     9.046887288189810e+09
     9.640000000000000e+13
     3.586892764667045e+13
     9.638771319868803e+12
     2.410000000000000e+13
     2.385763450551338e+11
     2.410000000000000e+13
     2.112913483967917e+12


ans =

     2.710443498566598e-09
     2.392143415487348e-06
     2.517684377755920e+11
     5.576527408427001e+01
     1.121341190011485e+08
     6.551805270993463e-24
     6.791131580608343e-06
     1.089502906784761e-27
     6.788704854672399e-09
     8.159033314019449e-01
     2.972503685967365e+10
     6.323393929818203e-16
     5.806840067610956e-06
     8.948406182367215e-09
     1.412048633942984e+08
     2.730236638701750e-03
     6.601510063299811e-06
     3.680964174755123e+09
     1.960632502658498e+11
     2.497057048585869e-04
     2.420164482818821e+08
     9.022358971043544e+13
     6.588958023504762e+00
     3.166955443182308e-05
     4.195136664009412e+04
     9.471615054702449e-05
     8.020921135974330e+09
     1.149520692328507e-09
     3.800541188635339e+10
     1.541539093843069e+01
     3.463526507694218e+01
     1.397426256480202e+12
     9.947579109421421e+06
     1.076042983985333e+05
     1.604370528872755e+06
     1.345053729981667e+05
     7.565964952650163e+04
     1.222138021237920e+13
     3.303363425955131e-06
     8.952936320386049e-08
     6.696906514442308e-07
     3.452118343673422e-08
     1.764163428540804e-07
     3.639623436235313e+00
     6.051032515804709e+01
     4.275865200249763e+04
     6.386554881499291e+07
     1.829946087877872e-04
     3.467551184622417e+09
     1.097404994839584e-08
     1.895711582322836e+10
     2.873662441950624e-07
     1.183450140770132e+10
     1.198648765323223e-04
     1.177978938102758e-05
     5.574616855966665e+05
     3.745413131852958e+08
     1.290381370109309e+08
     1.687875921564709e-06
     4.527444566097682e-03
     2.872516975531938e+11
     3.082385125531306e+11
     1.061146702384682e-08
     2.958094298889455e+09
     1.094702577807976e-05
     2.052514450876951e+09
     1.795671977848717e+09
     3.462409019656220e+09
     3.537820060826626e+11
     1.063541412720917e-13
     2.620723803947504e+04
     3.199912810169724e-09
     1.198723133608538e-01
     5.003377012912388e+04
     7.277688467431328e+10
     7.006912715282485e-06
     1.242638010272981e-02
     2.938645769384379e+09
     9.933507983838983e+08
     1.575572178324012e+11
     5.558871048344210e+03
     1.712488011078684e+06
     1.195743811911934e-04
     2.881462924670979e+09
     7.048696652278120e+03
     3.000442729086915e+09
     9.535923910437337e-02
     2.578628657537411e+05
     1.015641805125755e+05
     2.267462164254491e-19
     1.781512073794439e-05
     7.896789527562763e-02
     6.546651787744553e+08
     6.315174166870097e-04
     2.279149345469703e-04
     1.730353315401688e+09
     4.234690128857414e+13
     1.680867115982600e+08
     3.420697589445176e+08
     1.774914483345937e-08
     5.872239994685239e+05
     2.503566395786980e-06
     6.053438197132195e-09
     5.753676066790539e+06
     3.206911595659856e+09
     1.319342818068710e+04
     2.497736594408666e+06
     5.741190175830200e+12
     3.809053711351269e+12
     7.992069305495748e-04
     4.419097662917768e-05
     1.511703995703622e+09
     2.610496627212075e+07
     1.070436360551575e+09
     9.445303239110084e+03
     3.204528283520719e+04
     5.533129855025195e-11
     3.993294255182232e+01
     6.469295655213194e+08
     1.126610420000735e-03
     3.294584046788934e+09
     4.946557036408368e-17
     6.490321820461058e-03
     3.749008117023166e-07
     1.001328298086819e-02
     1.905213847408870e+14
     1.257430819986619e+02
     1.861464791521239e-12
     1.183065896417702e+03
     2.050715758802567e+02
     4.887356006879970e-01
     2.590388786093039e-05
     3.164911714806445e-01
     1.232284525677168e-19
                         0
     3.883334558291256e+09
     2.164861606232742e-14
     2.798957606015533e+02
     6.554043324400176e+08
     1.751932037098273e-02
     2.193169065901245e-06
     5.913004872341911e+10
     3.547802923405147e+10
     8.142516246462908e-03
     4.844743602606386e-28
     1.102176311707830e+11
     1.993895901219658e-04
     1.599428260010662e+11
     5.963912895216655e-01
     1.942981247198734e+09
     4.798284780031985e+10
     3.731999273358211e+10
     1.912433264437521e-01
     1.872835915196201e+08
     4.767091535751356e+13
     3.400640876420971e-04
     5.799530804143328e+07
     1.489055989438279e-03
     2.510727192023762e+14
     7.340642246802909e-05
     1.441776712466947e+07
     1.304385958364797e+08
     1.798216014410661e+10
     2.555950770700526e+10
     2.064634860530878e+08
     7.388528941366100e+14
     5.296343829469266e+15
     7.634654014222752e+05
     1.120596214557373e+09
     3.777585597574311e+04
     1.089715972748731e-20
     1.781350476427743e+08
     1.133698499932386e-07
     7.728854927225024e+02
     3.212020928782426e+08
     6.014734491696332e-09
     2.464743094251917e-06
     3.304930391268155e-03
     8.361609816269691e+03
     2.695244223868668e+03
     6.884546446098789e-09
     4.791954460856363e-02
     8.241245527278240e-06
     2.029388438644908e+01
     1.700688205709177e+05
     4.044759461945101e+11
     6.416700848970656e+03
     8.149670448391136e+01
     5.125182010473613e+05
     9.119487127186568e-02
     5.262175065032480e+08
     1.241145389582141e+11
     3.419250082387508e+05
     2.729874016290581e+10
     2.205222551481402e-02
     5.004762045237227e-18
     5.274960743067060e+10
     1.511289113147145e-08
     1.962410611492538e+08
     4.162050565929199e+09
     3.357711416221994e+08
     7.331326092922816e+09
     9.127414376414275e+06
     1.601073596647712e+07
     1.521274427766642e+13
     6.586180750413166e+00
     9.182004367883238e-11
     7.502426055522168e+10
     1.522615849189743e-10
     1.347151071407941e-13
     1.315027887710831e-09
     4.408133500115332e+07
     9.184547599875490e+00
     2.842784504515100e+01
     7.080549150510113e-03
     1.899805060174515e+09
     3.617948551786373e-03
     5.860563670439012e+08
     1.113405436960398e+10
     2.820938901849276e+10
     2.811591130061060e+08
     7.337675444046218e-09
     7.395609516516849e+06
     1.031170580853331e+13
     9.139077977693506e-25
     1.029505063938087e-14
     1.278661980478204e+15
     5.944401145976063e+00
     1.837503011522941e-18
     2.156054966711773e+19
     1.852393098945979e+10
     6.336147644283689e+02
     3.031156886239057e+12
     3.209655489665819e+12
     6.471984189754952e+06
     1.096991961777904e+03
     3.319395792452633e+08
     1.380418493466593e-04
     3.738985249263551e+13
     1.015981552532327e+09
     3.172796804211804e+07
     7.681156712346001e+01
     3.794618561087421e-01
     1.883447904413064e+07
     1.350733499152112e-09
     1.122514625411601e-01
     5.963627433074203e-03
     1.500390309989483e+05
     2.835770719435375e-05
     6.590178594160221e-04
     5.089568505191370e+09
     1.511870609191899e-07
     3.513505960672391e-06
     2.713466566154430e+07
     1.429706524326578e-10
     3.748308745018223e+09
     6.834707597333807e-19
     7.453599123894126e-14
     4.840011000014175e+02
     1.926016016841410e+00
     1.431286650982902e-02
     1.072274021359368e+02
     3.482073665842752e-05
     3.336860959338374e+11
     9.087159357678583e+08
     7.507469288945247e+10
     6.878014922726583e+09
     5.705244152395729e+04
     9.064258912152936e+15
     4.726893630005122e-03
     5.847763411878678e-02
     5.379939027168348e-07
     2.255315831770119e+07
     1.027641610492497e+03
     1.280921599585639e+06
     1.407836911994708e-12
     5.994509651216145e+10
     4.438662184868486e+09
     2.984937115743052e+11
     2.943589632793673e+10
     1.958274797161329e+00
     5.478370179917338e-11
     6.429306098842294e+02
                         0
     7.350561043387947e+08
     9.045687210613754e-02
     4.171779213787773e-03
                         0
     7.161667057525455e-09
                         0
     1.119442862169708e+00
                         0
                         0
     2.763213974221694e+11
     1.895367019014399e+08
     4.232929981756577e+09
                         0
                         0
     5.510157969829256e+09
                         0
                         0
                         0
                         0
     7.602567071730170e+05
                         0
                         0
                         0
     6.729969488043073e+08
     1.955900775363902e-02
     4.719558168448241e-05
     5.438070194514576e+10
     7.033855502832837e-03
     9.396568828291700e+09
     4.387673920388362e+09
     2.621065746960473e+07
     7.770366884141233e+08
     9.072817521560369e+07
     2.604166821360683e+06
     5.455115491139053e-05
     9.425322249471040e-07
     3.382676005528874e+08
     4.995094027575765e+10
     2.309079631377092e+02
                         0
     2.827695296735933e+11

Elapsed time is 0.234865 seconds.