
fwdk =

     8.997599999999999e+15
     3.160000000000000e+16
     2.087488711177824e+11
     2.000000000000000e+13
     1.286617337380658e+12
     5.700000000000000e+13
     8.000000000000000e+13
     1.500000000000000e+13
     1.500000000000000e+13
     5.060000000000000e+13
     4.257158922020855e+11
     5.420561561988776e+09
     3.000000000000000e+13
     3.000000000000000e+13
     6.567771900829553e+12
     1.000000000000000e+13
     1.000000000000000e+13
     2.578366426690048e+12
     3.320643421337462e+11
     5.000000000000000e+13
     5.189192082396374e+12
     1.276152589339714e+09
     2.667629114950432e+12
     3.000000000000000e+13
     3.458042162749923e+12
     2.240000000000000e+13
     2.949576834465388e+12
     1.000000000000000e+14
     1.785032897205421e+11
     8.871628533299747e+11
     8.943884848599421e+01
     1.812304303345810e+05
     3.663963312710269e+17
     3.963358293363555e+15
     5.909332002412442e+16
     4.954197866704443e+15
     2.786750193874480e+15
     4.863330538039110e+10
     5.263000000000000e+16
     1.426403873215003e+15
     1.066967646023354e+16
     5.500000000000002e+14
     1.270720000000001e+18
     2.832352704745236e+12
     2.617416193244873e+13
     6.102442628305159e+13
     8.838028875212643e+11
     1.633957668596165e+12
     1.650000000000000e+14
     5.920173360685945e+14
     3.000000000000000e+13
     2.650563132471698e+14
     2.044205580411421e+11
     3.404265338452012e+13
     7.340000000000000e+13
     2.010551401816194e+12
     3.266200839639091e+12
     7.238750964207235e+12
     3.183151710726423e+13
     2.000000000000000e+13
     1.696486871906728e+13
     1.295871290389695e+13
     8.276548219141688e+13
     1.223401514139169e+12
     2.000000000000000e+13
     5.013385764010028e+13
     3.122187450923100e+13
     2.925085469351482e+12
     7.226681747809544e+11
     9.932801308779731e+13
     1.668383543618371e+12
     3.405446081757184e+13
     3.000000000000000e+13
     4.952846628826281e+12
     1.089518481320853e+11
     2.517045717030344e+14
     2.000000000000000e+12
     1.303346376907418e+12
     1.000000000000000e+14
     8.925164486027103e+11
     2.013301655332888e+12
     1.000000000000000e+13
     5.450181992245932e-06
     1.302707968974561e+12
     5.686137569480347e+12
     1.636049820125826e+12
     1.864833718710345e+13
     1.613286920687477e+12
     6.354236188181036e+11
     5.000000000000000e+13
     3.000000000000000e+13
     2.000000000000000e+13
     2.497156595527863e+12
     3.000000000000000e+13
     7.277826601862173e+13
     2.310353015748075e+11
     3.014454304334538e+13
     1.312629098434689e+12
     2.219774495502858e+11
     5.000000000000000e+13
     1.489304107384776e+13
     5.000000000000000e+12
     5.000000000000000e+12
     2.197554419186381e+12
     2.961585100525552e+12
     2.000000000000000e+13
     1.140251666287561e+10
     4.488317179992747e+09
     2.937722661882868e+10
     1.321403870831088e+09
     5.000000000000000e+12
     1.023156213174552e+12
     5.234434731423991e+12
     2.741402594591806e+12
     2.952367623588719e+11
     1.001656069369174e+12
     2.000000000000000e+13
     1.000000000000000e+12
     3.780000000000000e+13
     1.043392284263045e+09
     1.335541425825564e+10
     4.340567574046587e+13
     5.000000000000000e+13
     5.000000000000000e+13
     6.710000000000000e+13
     2.258141879209319e+13
     8.349048729282707e+12
     4.000000000000000e+13
     3.000000000000000e+13
     6.000000000000000e+13
     4.887701145968448e+13
     6.722073360786332e+10
     1.225861514436546e+14
     5.000000000000000e+13
     2.350464365496471e+12
     1.314907733318852e+10
     3.924892765371431e+12
     4.000000000000000e+13
     3.833313966803924e+10
     2.609531172534150e+12
     3.000000000000000e+13
     1.109084729900590e+13
     6.654508379403540e+12
     2.800000000000000e+13
     1.200000000000000e+13
     7.000000000000000e+13
     8.944258271517363e+13
     3.000000000000000e+13
     1.598642860861261e+13
     2.131523814481681e+13
     9.000000000000000e+12
     7.000000000000000e+12
     1.400000000000000e+13
     5.275447597251316e+13
     7.766442168617089e+06
     8.392398757912746e+07
     4.646297506635052e+10
     1.402695022847173e+13
     6.583962505298947e+10
     2.648000000000000e+13
     4.682404656860207e+10
     6.379574132981527e+09
     2.126524710993842e+09
     2.215230973850756e+09
     5.301286207459745e+09
     2.889611691244644e+11
     2.071369980673869e+12
     1.099776905439185e+13
     1.144412796560512e+13
     1.595529625572655e+11
     1.462180162746534e+13
     1.044214456249389e+13
     1.857988804229142e+12
     1.817530011709959e-05
     1.195144524105237e+11
     2.082155750769024e+12
     1.000000000000000e+13
     2.258294440426775e+13
     3.417472800413086e+11
     2.768214581402572e+13
     6.076660823306437e+09
     2.529876142730335e+08
     2.894649966306758e+10
     4.994461632615124e+07
     4.521973389297176e-02
     2.686480433669553e+12
     3.944781415958167e+17
     4.400633700387126e+12
     1.101280657001809e+14
     4.000000000000000e+13
     2.710381254962568e+13
     2.000000000000000e+13
     7.962143411069940e+12
     1.750505512211591e+10
     3.849067678958994e+10
     1.500000000000000e+13
     1.880150097459697e+10
     4.410153960486185e+12
     1.630395111351015e+13
     3.000000000000000e+12
     3.900000000000000e+13
     6.373435296476071e+12
     3.587342572717526e+12
     3.300000000000000e+08
     3.135524548190638e+14
     5.000000000000000e+12
     2.500000000000000e+13
     7.000000000000000e+13
     5.000000000000000e+13
     2.000000000000000e+13
     2.500000000000000e+13
     2.139303334182099e+17
     2.500000000000000e+13
     9.332614414970511e+13
     1.050897510355469e+13
     1.441866708834971e+10
     7.700000000000000e+13
     4.000000000000000e+13
     1.873915878522565e+11
     7.661747385282639e+12
     2.139355504143978e+12
     2.350000000000000e+13
     5.400000000000000e+13
     2.500000000000000e+12
     2.000000000000000e+13
     8.514233502425946e+07
     3.018308142366408e+04
     3.606042797181891e+12
     2.540669763326703e+12
     1.778492007137485e-07
     1.377671938869229e+11
     3.440786566535463e+10
     3.302938241587350e+08
     1.619781511671780e+09
     1.058692059988217e+09
     8.264602780731617e+07
     3.299492600533345e+13
     4.906067979654359e+13
     5.519953953786361e+03
     5.430744937279490e+07
     8.575380369692589e+12
     6.725546428830464e-04
     6.231973138564061e-04
     1.900000000000000e+13
     2.900000000000000e+13
     4.100000000000000e+13
     1.620000000000000e+13
     2.460000000000000e+13
     1.185251550034394e+13
     1.683853830523778e+12
     2.360630140448488e+12
     1.185251550034394e+13
     1.683853830523778e+12
     2.360630140448488e+12
     4.877504072193521e+07
     1.764668658385606e+07
     2.200000000000000e+13
     2.000000000000000e+12
     1.200000000000000e+13
     1.200000000000000e+13
     1.000000000000000e+14
     2.309937285705411e+10
     1.862711058635101e+03
     1.517115168304694e+10
     4.185183213001139e+11
     4.116718272007628e+09
     1.705119184910612e+11
     1.705119184910612e+10
     2.277889230501529e-01
     4.259594544652743e+12
     3.221439752823805e+11
     2.232832371566356e+11
     7.310406918911482e+12
     9.000000000000000e+12
     6.193726308809791e+13
     1.091115446716164e+13
     5.828110792349291e+10
     1.951013490427718e+12
     2.406202533633463e+11
     7.309546191608761e+09
     2.871990212864484e+13
     4.634010755608065e+12
     1.017586991818828e+10
     3.370000000000000e+13
     1.853510599233959e+12
     1.096000000000000e+14
     8.158280585489764e+11
     6.118360979759103e+11
     4.579194784428794e+13
     2.726538663975907e+12
     1.128222895438306e+12
     7.933184242313256e+11
     6.139361723021547e+11
     2.233770967408364e+12
     1.096610471150835e+11
     1.175587333712504e+12
     1.175587333712504e+12
     8.366815763122216e+04
     1.845674054775729e+12
     1.845674054775729e+12
     6.353484981076343e+12
     7.462145918398056e+09
     2.823495565897274e+10
     2.153730753750109e+13
     1.500000000000000e+14
     1.810000000000000e+10
     2.350000000000000e+10
     2.200000000000000e+13
     1.100000000000000e+13
     1.200000000000000e+13
     3.010000000000000e+13
     9.394082156825541e+12
     3.261722280190670e+12
     1.836915452992593e+12
     4.960972039395833e+12
     2.568475733248932e+10
     2.198985605183386e+09
     9.046887198811031e+09
     9.640000000000000e+13
     3.586892766021186e+13
     9.638771304125531e+12
     2.410000000000000e+13
     2.385763454680125e+11
     2.410000000000000e+13
     2.112913483967917e+12


revk =

     2.710443498566578e-09
     2.392143415487331e-06
     2.517684348831859e+11
     5.576527408427001e+01
     1.121341181779918e+08
     6.551805270993370e-24
     6.791131580608343e-06
     1.089502906784745e-27
     6.788704854672399e-09
     8.159033314019333e-01
     2.972503639053163e+10
     6.323393902140961e-16
     5.806840067610956e-06
     8.948406182367087e-09
     1.412048624769475e+08
     2.730236638701731e-03
     6.601510063299764e-06
     3.680964153813550e+09
     1.960632484667696e+11
     2.497057048585905e-04
     2.420164474379989e+08
     9.022358491694303e+13
     6.588958000529853e+00
     3.166955443182308e-05
     4.195136662315664e+04
     9.471615054702383e-05
     8.020921052217410e+09
     1.149520692328507e-09
     3.800541132837300e+10
     1.541539090023864e+01
     3.463526203864846e+01
     1.397426153897947e+12
     9.947579109421302e+06
     1.076042983985318e+05
     1.604370528872744e+06
     1.345053729981647e+05
     7.565964952650081e+04
     1.222137983017217e+13
     3.303363425955130e-06
     8.952936320386049e-08
     6.696906514442309e-07
     3.452118343673422e-08
     1.764163428540779e-07
     3.639623431753424e+00
     6.051032503944809e+01
     4.275865195266922e+04
     6.386554820551994e+07
     1.829946075787905e-04
     3.467551184622379e+09
     1.097404995253815e-08
     1.895711582322873e+10
     2.873662439328289e-07
     1.183450117227083e+10
     1.198648766097776e-04
     1.177978938102758e-05
     5.574616821539672e+05
     3.745413116590266e+08
     1.290381363615988e+08
     1.687875921478205e-06
     4.527444566097649e-03
     2.872516977029099e+11
     3.082385122080638e+11
     1.061146702322856e-08
     2.958094288444643e+09
     1.094702577807968e-05
     2.052514451291303e+09
     1.795671974322617e+09
     3.462408988711124e+09
     3.537820029207556e+11
     1.063541413124111e-13
     2.620723792932158e+04
     3.199912808760322e-09
     1.198723133608547e-01
     5.003376997359547e+04
     7.277688303953720e+10
     7.006912695518677e-06
     1.242638010272981e-02
     2.938645728775018e+09
     9.933507983839034e+08
     1.575572155192096e+11
     5.558871013372968e+03
     1.712488011078684e+06
     1.195743637372050e-04
     2.881462906532895e+09
     7.048696655047113e+03
     3.000442740705424e+09
     9.535923919187568e-02
     2.578628655516646e+05
     1.015641750308258e+05
     2.267462164254523e-19
     1.781512073794427e-05
     7.896789527562707e-02
     6.546651751701314e+08
     6.315174166870007e-04
     2.279149340679783e-04
     1.730353298190233e+09
     4.234690117845192e+13
     1.680867106358233e+08
     3.420697589005686e+08
     1.774914483345899e-08
     5.872239999502484e+05
     2.503566395786945e-06
     6.053438197132110e-09
     5.753676075660063e+06
     3.206911586831748e+09
     1.319342818068710e+04
     2.497736598992503e+06
     5.741190033591061e+12
     3.809053613486003e+12
     7.992069334829897e-04
     4.419097662917737e-05
     1.511703988767903e+09
     2.610496623044031e+07
     1.070436356622636e+09
     9.445303267364838e+03
     3.204528212949419e+04
     5.533129855025195e-11
     3.993294255182288e+01
     6.469295655213263e+08
     1.126610371206435e-03
     3.294583974234405e+09
     4.946557031179556e-17
     6.490321820460965e-03
     3.749008117023192e-07
     1.001328298086819e-02
     1.905213836534889e+14
     1.257430821728872e+02
     1.861464791521213e-12
     1.183065896417686e+03
     2.050715758802538e+02
     4.887356010740350e-01
     2.590388711019763e-05
     3.164911717797669e-01
     1.232284525677168e-19
                         0
     3.883334506765210e+09
     2.164861558779766e-14
     2.798957606015533e+02
     6.554043224928716e+08
     1.751932023746432e-02
     2.193169065901260e-06
     5.913004865830995e+10
     3.547802919498597e+10
     8.142516246462908e-03
     4.844743602606318e-28
     1.102176311707824e+11
     1.993895897319180e-04
     1.599428260010671e+11
     5.963912901455309e-01
     1.942981249231206e+09
     4.798284780032011e+10
     3.731999273358231e+10
     1.912433264437528e-01
     1.872835917086527e+08
     4.767091269095085e+13
     3.400640749637967e-04
     5.799530749010924e+07
     1.489055987916448e-03
     2.510727143182291e+14
     7.340642246802909e-05
     1.441776696961725e+07
     1.304385934570296e+08
     1.798215981607756e+10
     2.555950727546263e+10
     2.064634820935615e+08
     7.388528710855698e+14
     5.296343664231801e+15
     7.634654008618173e+05
     1.120596212706491e+09
     3.777585622046411e+04
     1.089715974258631e-20
     1.781350469912345e+08
     1.133698497820615e-07
     7.728853697512298e+02
     3.212020905940423e+08
     6.014734482269673e-09
     2.464743094251917e-06
     3.304930389115006e-03
     8.361609716525751e+03
     2.695244221964348e+03
     6.884546309519580e-09
     4.791954257270750e-02
     8.241245241730809e-06
     2.029388360210423e+01
     1.700688030865000e+05
     4.044759465508165e+11
     6.416700848970638e+03
     8.149670451980613e+01
     5.125182007087548e+05
     9.119487127186698e-02
     5.262175061845725e+08
     1.241145389582164e+11
     3.419250082387531e+05
     2.729873983726520e+10
     2.205222551076739e-02
     5.004762045237298e-18
     5.274960608990815e+10
     1.511289113147168e-08
     1.962410611492572e+08
     4.162050565929117e+09
     3.357711416221994e+08
     7.331326043813994e+09
     9.127414384119293e+06
     1.601073596647726e+07
     1.521274413863279e+13
     6.586180750413143e+00
     9.182004367883304e-11
     7.502426055522075e+10
     1.522615849189754e-10
     1.347151071407941e-13
     1.315027887710849e-09
     4.408133494128880e+07
     9.184547599875456e+00
     2.842784501071840e+01
     7.080549162854579e-03
     1.899805014849705e+09
     3.617948551786399e-03
     5.860563670439022e+08
     1.113405421717235e+10
     2.820938904127166e+10
     2.811591118503041e+08
     7.337675444046220e-09
     7.395609516516730e+06
     1.031170580853338e+13
     9.139077977693506e-25
     1.029505026151134e-14
     1.278661853644462e+15
     5.944401137903310e+00
     1.837503008825169e-18
     2.156054465781973e+19
     1.852393082016394e+10
     6.336147586375599e+02
     3.031156738269109e+12
     3.209655410911707e+12
     6.471984113739620e+06
     1.096991943659102e+03
     3.319395792450823e+08
     1.380418492453266e-04
     3.738984933484181e+13
     1.015981514999341e+09
     3.172796805924980e+07
     7.681155669207955e+01
     3.794618108434946e-01
     1.883447904413064e+07
     1.350733499152103e-09
     1.122514625411593e-01
     5.963627433074119e-03
     1.500390309989472e+05
     2.835770712826013e-05
     6.590178584968558e-04
     5.089568499773918e+09
     1.511870605668165e-07
     3.513505955771923e-06
     2.713466563266162e+07
     1.429706448761216e-10
     3.748308595402238e+09
     6.834707597333708e-19
     7.453599123894074e-14
     4.840011000014209e+02
     1.926016016841424e+00
     1.431286650982902e-02
     1.072274004632731e+02
     3.482073384669523e-05
     3.336860889526967e+11
     9.087159294306904e+08
     7.507469105701782e+10
     6.878014877285421e+09
     5.705244114702800e+04
     9.064257502858894e+15
     4.726893605281954e-03
     5.847763389127271e-02
     5.379938998634654e-07
     2.255315823492188e+07
     1.027641610492497e+03
     1.280921598903922e+06
     1.407836912227268e-12
     5.994509542139948e+10
     4.438662177089109e+09
     2.984937080355410e+11
     2.943589555273960e+10
     1.958274795921461e+00
     5.478370187005341e-11
     6.429305965512912e+02
                         0
     7.350561040420165e+08
     9.045687210613881e-02
     4.171779081108473e-03
                         0
     7.161667065339789e-09
                         0
     1.119442859088097e+00
                         0
                         0
     2.763213974165924e+11
     1.895367020350080e+08
     4.232929967711483e+09
                         0
                         0
     5.510157945509239e+09
                         0
                         0
                         0
                         0
     7.602567099520611e+05
                         0
                         0
                         0
     6.729969488043146e+08
     1.955900775363930e-02
     4.719558168448207e-05
     5.438070194514605e+10
     7.033855505547894e-03
     9.396568764210873e+09
     4.387673865987369e+09
     2.621065742467784e+07
     7.770366862750733e+08
     9.072817402443287e+07
     2.604166795632843e+06
     5.455115491138937e-05
     9.425322253029201e-07
     3.382676000003802e+08
     4.995094027575690e+10
     2.309079635373171e+02
                         0
     2.827695296735881e+11

Elapsed time is 0.013192 seconds.